[-1.12608799 -1.16449431 -1.20831595 -1.25764984 -1.30646666 -1.36399466
 -1.42632688 -1.49671679 -1.57258733 -1.66018982 -1.6618047  -1.68965736
 -1.72027917 -1.75275376 -1.79190655 -1.82661115 -1.86709589 -1.90771902
 -1.95478553 -2.00270237 -2.05961978 -2.11450441 -2.17774086 -2.24259538
 -2.31245886 -2.39426983 -2.47941651 -2.57119986 -2.66407928 -2.75794815
 -2.85272536 -2.93822622 -3.03295931 -3.11356848 -3.19249552 -3.26333874
 -3.33121582 -3.39467211 -3.44942858 -3.49831575 -3.49895933 -3.63569425
 -3.74037625 -3.81926258 -3.87931695 -3.92210923 -3.9535674  -3.97406657
 -3.98704853 -3.994207  ]
[ 1.34503102  1.43451245  1.53979339  1.66401717  1.79163265  1.94715242
  2.12510202  2.33513522  2.57260687  2.86288249  2.86891244  2.96391967
  3.07129241  3.18904469  3.33082491  3.4599724   3.61548734  3.77509161
  3.96145344  4.15915021  4.39888026  4.63621288  4.9184146   5.21369702
  5.54241218  5.9349576   6.35694612  6.82617784  7.3105868   7.81748404
  8.33919862  8.82365298  9.37496026  9.85291422 10.33412145 10.77761939
 11.21012035 11.62267535 11.98637951 12.31710604 12.31994485 13.27127663
 14.02600999 14.61077932 15.06457496 15.39259395 15.63625732 15.79624446
 15.89806191 15.95435266]
[0.14066566 0.14604664 0.15198846 0.15850648 0.16674063 0.17557335
 0.1862271  0.19989109 0.21593561 0.23868074 0.23796525 0.24490824
 0.25533565 0.26519881 0.2769918  0.2862541  0.30201936 0.31438827
 0.33245582 0.35059779 0.37429873 0.39548988 0.42315124 0.45151337
 0.4810352  0.51651355 0.5541952  0.5944262  0.63426531 0.67217158
 0.71136542 0.74281693 0.77787422 0.80650972 0.83158625 0.85193509
 0.87174801 0.88876266 0.90194796 0.91299497 0.91350294 0.94163757
 0.96077106 0.97382823 0.98308488 0.98939393 0.99382265 0.99661003
 0.99833109 0.99926028]
[0.03066229 0.03307944 0.03566937 0.03884328 0.04284791 0.04731323
 0.05313859 0.06080858 0.07047011 0.08500438 0.08470969 0.08928336
 0.09624604 0.10336219 0.11212288 0.11925376 0.13099528 0.14136459
 0.15562393 0.17108713 0.19134894 0.2103543  0.23612374 0.26260503
 0.29233512 0.32849042 0.36812858 0.41235521 0.45707646 0.50229008
 0.5496228  0.5899484  0.63595929 0.67465456 0.71072309 0.74120729
 0.77143481 0.79826474 0.82004458 0.83876492 0.83937019 0.88906627
 0.92430242 0.94901145 0.96683368 0.97910907 0.98779287 0.99328746
 0.99669122 0.99853227]
[4.         3.88888889 3.77777778 3.66666667 3.55555556 3.44444444
 3.33333333 3.22222222 3.11111111 3.         3.         2.96551724
 2.93103448 2.89655172 2.86206897 2.82758621 2.79310345 2.75862069
 2.72413793 2.68965517 2.65517241 2.62068966 2.5862069  2.55172414
 2.51724138 2.48275862 2.44827586 2.4137931  2.37931034 2.34482759
 2.31034483 2.27586207 2.24137931 2.20689655 2.17241379 2.13793103
 2.10344828 2.06896552 2.03448276 2.         2.         1.88888889
 1.77777778 1.66666667 1.55555556 1.44444444 1.33333333 1.22222222
 1.11111111 1.        ]
[-1.12071626 -1.15999726 -1.20332417 -1.25081748 -1.30241084 -1.35702178
 -1.41812254 -1.48675441 -1.56084287 -1.64709668 -1.6455704  -1.6751788
 -1.70344479 -1.73526465 -1.76965063 -1.80162996 -1.83949066 -1.87935299
 -1.9211878  -1.96387638 -2.01045278 -2.06099787 -2.1158558  -2.17690807
 -2.24390665 -2.32084021 -2.40313619 -2.49123631 -2.59467738 -2.69376142
 -2.80372854 -2.90466691 -3.0045587  -3.09731529 -3.18031165 -3.25753286
 -3.32367703 -3.38735122 -3.44487813 -3.4947573  -3.49374755 -3.63285212
 -3.73906014 -3.81847826 -3.87886752 -3.92246694 -3.95340621 -3.97406775
 -3.98698546 -3.99438784]
[ 1.29880983  1.38955315  1.49282772  1.6104086   1.74319588  1.88977736
  2.06122531  2.26260654  2.49057006  2.77015629  2.76533284  2.86523418
  2.9614774   3.07222902  3.19446878  3.30923029  3.45012032  3.60051726
  3.7619212   3.93146892  4.11992666  4.33015918  4.56508005  4.83307891
  5.13641164  5.49633877  5.89258638  6.33071539  6.86209572  7.38771651
  7.98811723  8.55699167  9.13620122  9.69026105 10.19937973 10.68537682
 11.1126443  11.53187159 11.91735661 12.25791461 12.251748   13.22793085
 14.00094299 14.59430854 15.05430817 15.39117588 15.63259038 15.79493474
 15.89690594 15.95549552]
[0.10496718 0.10790738 0.1120057  0.11701496 0.12221972 0.12894538
 0.137561   0.14694243 0.15917534 0.17554195 0.17562408 0.18085568
 0.18666272 0.1938224  0.20240267 0.21091222 0.22214243 0.23385035
 0.24799208 0.26232347 0.27960798 0.29800709 0.32205582 0.34907606
 0.38050278 0.422105   0.46217653 0.50716227 0.56372124 0.61340791
 0.66815425 0.7136763  0.7571012  0.79482489 0.8246766  0.84997034
 0.86881143 0.88606751 0.90088229 0.91234394 0.91161787 0.94101441
 0.96049467 0.973665   0.98303889 0.98944407 0.99379347 0.99660686
 0.99832153 0.99928452]
[0.01721047 0.01820326 0.01954826 0.02135658 0.02327172 0.0257922
 0.02931049 0.03341477 0.03894761 0.04721421 0.04717562 0.05007536
 0.05318516 0.05715131 0.06213366 0.06700496 0.07397034 0.08140361
 0.0906099  0.10068438 0.11288509 0.12689403 0.14566614 0.16771911
 0.19458076 0.23142784 0.26962688 0.31440897 0.37235474 0.42718091
 0.48994264 0.54583089 0.60128324 0.6519778  0.69433103 0.7323979
 0.76242447 0.79060682 0.81533108 0.83526858 0.83422183 0.88686658
 0.92323893 0.94840645 0.96657678 0.97911648 0.98768817 0.99325699
 0.99666082 0.99857561]
[4.         3.88888889 3.77777778 3.66666667 3.55555556 3.44444444
 3.33333333 3.22222222 3.11111111 3.         3.         2.96551724
 2.93103448 2.89655172 2.86206897 2.82758621 2.79310345 2.75862069
 2.72413793 2.68965517 2.65517241 2.62068966 2.5862069  2.55172414
 2.51724138 2.48275862 2.44827586 2.4137931  2.37931034 2.34482759
 2.31034483 2.27586207 2.24137931 2.20689655 2.17241379 2.13793103
 2.10344828 2.06896552 2.03448276 2.         2.         1.88888889
 1.77777778 1.66666667 1.55555556 1.44444444 1.33333333 1.22222222
 1.11111111 1.        ]
[-1.11796942 -1.15843707 -1.20143813 -1.24739194 -1.29820764 -1.35315882
 -1.41422305 -1.4811088  -1.55723321 -1.64118708 -1.64153467 -1.66905976
 -1.69944825 -1.73027014 -1.76235407 -1.79737923 -1.83246039 -1.86955104
 -1.9082722  -1.95083208 -1.99408237 -2.0432641  -2.09532598 -2.15186078
 -2.21465342 -2.28485486 -2.36291786 -2.44846714 -2.54711348 -2.66012642
 -2.76967388 -2.88443824 -2.9898844  -3.08746329 -3.17432361 -3.25226491
 -3.32173818 -3.38499375 -3.44202852 -3.49421205 -3.49378902 -3.63305993
 -3.73863778 -3.81869994 -3.878282   -3.92230857 -3.95341825 -3.97407819
 -3.98701109 -3.99427266]
[ 1.27738885  1.37005234  1.472023    1.5853652   1.7153583   1.86199457
  2.03199575  2.22687401  2.4596774   2.73001716  2.73089597  2.82269921
  2.92577564  3.03229563  3.14538555  3.27051392  3.39916032  3.53750839
  3.68505595  3.85102001  4.02323706  4.22475796  4.44296339  4.68702445
  4.96509443  5.28681428  5.65594562  6.07398206  6.57349194  7.16468725
  7.75929352  8.4030014   9.01460397  9.59781701 10.13342033 10.62671213
 11.07652363 11.49561394 11.88012898 12.23812335 12.23518964 13.21848385
 13.99044554 14.59114357 15.04666828 15.38797915 15.63154606 15.79439823
 15.89680054 15.95445089]
[0.08320077 0.08599036 0.0893238  0.09295885 0.09739323 0.10283679
 0.10898981 0.1162793  0.1256932  0.13810119 0.13809936 0.14195467
 0.14774567 0.15442193 0.15992312 0.16778978 0.17589096 0.18431826
 0.19437084 0.20662984 0.21980244 0.23717608 0.2572933  0.2825214
 0.31195004 0.34861244 0.39129254 0.43884538 0.49903626 0.56904561
 0.63095592 0.69233423 0.74352641 0.78704158 0.82011152 0.84638615
 0.86816875 0.8853773  0.89989121 0.91214639 0.91206388 0.94108569
 0.96038569 0.97372959 0.98293709 0.9894093  0.99379392 0.99661039
 0.99832635 0.99926906]
[0.01082335 0.01157189 0.01249829 0.01349983 0.0148552  0.01647242
 0.01851539 0.02102731 0.02452149 0.02949029 0.0294574  0.03115227
 0.03364999 0.03665194 0.03924201 0.04314027 0.04716941 0.05164629
 0.05709036 0.06413114 0.07210796 0.08331424 0.09686897 0.11447485
 0.13633472 0.16569856 0.20200648 0.24505129 0.30242935 0.37343139
 0.4418041  0.51386615 0.57838643 0.63662326 0.68419199 0.72458441
 0.75867438 0.78754557 0.81232224 0.83387611 0.83374838 0.88650986
 0.92278768 0.94839215 0.96630215 0.97900625 0.98766659 0.99325254
 0.99666497 0.99854265]
[4.         3.88888889 3.77777778 3.66666667 3.55555556 3.44444444
 3.33333333 3.22222222 3.11111111 3.         3.         2.96551724
 2.93103448 2.89655172 2.86206897 2.82758621 2.79310345 2.75862069
 2.72413793 2.68965517 2.65517241 2.62068966 2.5862069  2.55172414
 2.51724138 2.48275862 2.44827586 2.4137931  2.37931034 2.34482759
 2.31034483 2.27586207 2.24137931 2.20689655 2.17241379 2.13793103
 2.10344828 2.06896552 2.03448276 2.         2.         1.88888889
 1.77777778 1.66666667 1.55555556 1.44444444 1.33333333 1.22222222
 1.11111111 1.        ]
[-1.11711364 -1.15714851 -1.1993885  -1.24624737 -1.29676329 -1.35202019
 -1.4124415  -1.48018737 -1.55508053 -1.63902321 -1.63872448 -1.66701636
 -1.69683809 -1.72809288 -1.76000641 -1.79317612 -1.82897935 -1.86597784
 -1.90506711 -1.94586363 -1.98851954 -2.03615254 -2.08493714 -2.13983593
 -2.19917062 -2.26383328 -2.3383383  -2.42191856 -2.52417138 -2.62497299
 -2.74658512 -2.87190487 -2.98094057 -3.0824842  -3.17048161 -3.25153954
 -3.31983833 -3.38451937 -3.44086401 -3.49344263 -3.49331176 -3.63204416
 -3.7381476  -3.8185791  -3.87869669 -3.92243043 -3.95341565 -3.97407065
 -3.9870335  -3.99430538]
[ 1.26688898  1.3583876   1.45836796  1.57338687  1.70250127  1.84927186
  2.01711621  2.21399613  2.44228463  2.71157496  2.710603    2.80448903
  2.90533578  3.01284065  3.12488295  3.24312488  3.37348864  3.51082697
  3.65933355  3.81724512  3.98625104  4.17911937  4.38166966  4.61581041
  4.87570418  5.16788289  5.51549587  5.91868123  6.43088182  6.95450877
  7.60867394  8.30828991  8.9405288   9.54805099 10.09243563 10.60678774
 11.05106699 11.48071555 11.86221026 12.22415298 12.22311351 13.20522974
 13.98280724 14.58756444 15.0482006  15.38786825 15.63089906 15.79400411
 15.8968125  15.95463815]
[0.06930707 0.07168837 0.07428496 0.07735607 0.08062549 0.0852126
 0.09033431 0.09631756 0.10463871 0.11461731 0.11486298 0.11897484
 0.12257006 0.12672818 0.13247292 0.13750718 0.14439582 0.15215009
 0.16073992 0.16958941 0.18068004 0.19610599 0.21108165 0.23181018
 0.25927813 0.29053404 0.33186792 0.38198085 0.45053249 0.51423684
 0.59753864 0.67728601 0.73450035 0.78334142 0.81738839 0.84646473
 0.86742394 0.88556794 0.89959249 0.91190378 0.91200435 0.94090813
 0.96031749 0.97367846 0.98300257 0.98942827 0.99379525 0.99660876
 0.99832773 0.99927324]
[0.00752765 0.00805397 0.00864075 0.00935189 0.01017347 0.01135627
 0.01274406 0.0145023  0.01705064 0.02039615 0.02050651 0.0219718
 0.02329978 0.02491814 0.02720033 0.02921225 0.03226925 0.03556551
 0.03965841 0.04398242 0.04975738 0.0578519  0.06668198 0.07957302
 0.09742522 0.11948798 0.15125226 0.19244989 0.25365432 0.31565268
 0.40139029 0.49099542 0.5625639  0.62743226 0.67757816 0.72207248
 0.75606058 0.78658197 0.8110895  0.83288467 0.83303562 0.88590543
 0.9225179  0.94821978 0.96638912 0.97902043 0.98765679 0.99324316
 0.99666484 0.99854976]
[4.         3.88888889 3.77777778 3.66666667 3.55555556 3.44444444
 3.33333333 3.22222222 3.11111111 3.         3.         2.96551724
 2.93103448 2.89655172 2.86206897 2.82758621 2.79310345 2.75862069
 2.72413793 2.68965517 2.65517241 2.62068966 2.5862069  2.55172414
 2.51724138 2.48275862 2.44827586 2.4137931  2.37931034 2.34482759
 2.31034483 2.27586207 2.24137931 2.20689655 2.17241379 2.13793103
 2.10344828 2.06896552 2.03448276 2.         2.         1.88888889
 1.77777778 1.66666667 1.55555556 1.44444444 1.33333333 1.22222222
 1.11111111 1.        ]
